1.000000
1.000000
1.000000
1.000000
1.000000
1.000000
1.000000
1.000000
1.000000
1.000000
1.000000
1.000000
1.000000
1.000000
1.000000
1.000000
1.000000
1.000000
1.000000
1.000000
1.000000
1.000000
1.000000
1.000000
1.000000
1.000000
1.000000
1.000000
1.000000
1.000000
1.000000
1.000000
1.000000
1.000000
1.000000
1.000000
1.000000
1.000000
1.000000
1.000000
1.000000
1.000000
1.000000
1.000000
1.000000
1.000000
1.000000
1.000000
1.000000
1.000000
1.000000
1.000000
2.000000
2.000000
2.000000
1.000000
2.000000
2.000000
2.000000
2.000000
1.000000
2.000000
2.000000
2.000000
2.000000
2.000000
2.000000
2.000000
2.000000
2.000000
2.000000
2.000000
2.000000
1.000000
1.000000
1.000000
1.000000
2.000000
2.001888
2.003775
1.000000
2.385201
2.000000
2.001890
2.003781
1.000000
2.386121
2.000000
2.001895
2.003790
1.000000
2.387295
2.000000
2.001901
2.003801
1.000000
2.388557
2.000000
1.000000
1.000000
1.000000
1.000000
2.000000
2.003742
2.007484
1.000000
2.762983
2.000000
2.003744
2.007489
1.000000
2.764535
2.000000
2.003752
2.007504
1.000000
2.767055
2.000000
2.003764
2.007528
1.000000
2.770168
2.000000
1.000000
1.000000
1.000000
1.000000
2.000000
2.277456
2.554923
56.807087
58.586078
2.000000
2.277746
2.555496
56.876787
57.147019
2.000000
2.270640
1.000000
56.915838
57.186782
2.000000
2.270836
1.000000
56.928121
57.199545
2.000000
1.000000
1.000000
1.000000
1.000000
2.000000
2.302363
2.604746
57.006538
63.749610
2.000000
2.303081
2.606166
57.057861
63.925027
2.000000
2.303895
2.607777
57.178534
63.733778
2.000000
2.302957
2.605883
57.326045
63.922965
2.000000
1.000000
1.000000
1.000000
1.000000
2.000000
2.000000
2.000000
1.000000
2.000000
2.000000
2.000000
2.000000
1.000000
2.000000
2.000000
2.000000
2.000000
2.000000
2.000000
2.000000
2.000000
2.000000
2.000000
2.000000
2.000000
1.000000
1.000000
1.000000
1.000000
2.000000
2.001888
2.003776
1.000000
2.385262
2.000000
2.001891
2.003781
1.000000
2.386182
2.000000
2.001895
2.003790
1.000000
2.387356
2.000000
2.001901
2.003802
1.000000
2.388618
2.000000
1.000000
1.000000
1.000000
1.000000
2.000000
2.003743
2.007486
1.000000
2.763103
2.000000
2.003745
2.007490
1.000000
2.764655
2.000000
2.003753
2.007505
1.000000
2.767176
2.000000
2.003765
2.007529
1.000000
2.770289
2.000000
1.000000
1.000000
1.000000
1.000000
2.000000
2.277500
2.555010
56.815651
58.594936
2.000000
2.277746
2.555496
56.877345
57.147580
2.000000
2.270643
1.000000
56.916410
57.187357
2.000000
2.270838
1.000000
56.928688
57.200116
2.000000
1.000000
1.000000
1.000000
1.000000
2.000000
2.302411
2.604840
57.006787
63.758964
2.000000
2.303081
2.606166
57.057861
63.925027
2.000000
2.303895
2.607777
57.178534
63.733778
2.000000
2.302957
2.605883
57.326045
63.922965
2.000000
1.000000
1.000000
1.000000
1.000000
2.000000
2.000000
2.000000
1.000000
2.000000
2.000000
2.000000
2.000000
1.000000
2.000000
2.000000
2.000000
2.000000
2.000000
2.000000
2.000000
2.000000
2.000000
2.000000
2.000000
2.000000
1.000000
1.000000
1.000000
1.000000
2.000000
2.001888
2.003776
1.000000
2.385262
2.000000
2.001891
2.003781
1.000000
2.386182
2.000000
2.001895
2.003790
1.000000
2.387356
2.000000
2.001901
2.003802
1.000000
2.388618
2.000000
1.000000
1.000000
1.000000
1.000000
2.000000
2.003743
2.007486
1.000000
2.763103
2.000000
2.003745
2.007490
1.000000
2.764655
2.000000
2.003753
2.007505
1.000000
2.767176
2.000000
2.003765
2.007529
1.000000
2.770289
2.000000
1.000000
1.000000
1.000000
1.000000
2.000000
2.277500
2.555010
56.815651
58.594936
2.000000
2.277746
2.555496
56.877345
57.147580
2.000000
2.270643
1.000000
56.916410
57.187357
2.000000
2.270838
1.000000
56.928688
57.200116
2.000000
1.000000
1.000000
1.000000
1.000000
2.000000
2.302411
2.604840
57.006787
63.758964
2.000000
2.303081
2.606166
57.057861
63.925027
2.000000
2.303895
2.607777
57.178534
63.733778
2.000000
2.302957
2.605883
57.326045
63.922965
2.000000
1.000000
1.000000
1.000000
1.000000
2.000000
2.000000
2.000000
1.000000
2.000000
2.000000
2.000000
2.000000
1.000000
2.000000
2.000000
2.000000
2.000000
2.000000
2.000000
2.000000
2.000000
2.000000
2.000000
2.000000
2.000000
1.000000
1.000000
1.000000
1.000000
2.000000
2.001888
2.003776
1.000000
2.385262
2.000000
2.001891
2.003781
1.000000
2.386182
2.000000
2.001895
2.003790
1.000000
2.387356
2.000000
2.001901
2.003802
1.000000
2.388618
2.000000
1.000000
1.000000
1.000000
1.000000
2.000000
2.003743
2.007486
1.000000
2.763103
2.000000
2.003745
2.007490
1.000000
2.764655
2.000000
2.003753
2.007505
1.000000
2.767176
2.000000
2.003765
2.007529
1.000000
2.770289
2.000000
1.000000
1.000000
1.000000
1.000000
2.000000
2.277500
2.555010
56.815651
58.594936
2.000000
2.277746
2.555496
56.877345
57.147580
2.000000
2.270643
1.000000
56.916410
57.187357
2.000000
2.270838
1.000000
56.928688
57.200116
2.000000
1.000000
1.000000
1.000000
1.000000
2.000000
2.302411
2.604840
57.006787
63.758964
2.000000
2.303081
2.606166
57.057861
63.925027
2.000000
2.303895
2.607777
57.178534
63.733778
2.000000
2.302957
2.605883
57.326045
63.922965
2.000000
1.000000
1.000000
1.000000
1.000000
2.000000
2.000000
2.000000
1.000000
2.000000
2.000000
2.000000
2.000000
1.000000
2.000000
2.000000
2.000000
2.000000
2.000000
2.000000
2.000000
2.000000
2.000000
2.000000
2.000000
2.000000
1.000000
1.000000
1.000000
1.000000
1.000000
1.000000
1.000000
1.000000
1.000000
1.000000
1.000000
1.000000
1.000000
1.000000
1.000000
1.000000
1.000000
1.000000
1.000000
1.000000
1.000000
1.000000
1.000000
1.000000
1.000000
1.000000
1.000000
1.000000
1.000000
1.000000
1.000000
1.000000
1.000000
1.000000
1.000000
1.000000
1.000000
1.000000
1.000000
1.000000
1.000000
1.000000
1.000000
1.000000
1.000000
1.000000
1.000000
1.000000
1.000000
1.000000
1.000000
1.000000
