1.000000
1.000000
1.000000
1.000000
1.000000
1.000000
1.000000
1.000000
1.000000
1.000000
1.000000
1.000000
1.000000
1.000000
1.000000
1.000000
1.000000
1.000000
1.000000
1.000000
1.000000
1.000000
1.000000
1.000000
1.000000
1.000000
1.000000
1.000000
1.000000
1.000000
1.000000
1.000000
1.000000
1.000000
1.000000
1.000000
1.000000
1.000000
1.000000
1.000000
1.000000
1.000000
1.000000
1.000000
1.000000
1.000000
1.000000
1.000000
1.000000
1.000000
1.000000
1.000000
2.000000
2.000000
2.000000
2.000000
2.000000
2.000000
2.000000
2.000000
2.000000
2.000000
2.000000
2.000000
1.000000
2.000000
2.000000
2.000000
2.000000
1.000000
2.000000
2.000000
2.000000
1.000000
1.000000
1.000000
1.000000
2.000000
2.001527
2.003055
2.306710
2.311240
2.000000
2.001527
2.003055
2.306757
2.311278
2.000000
2.001528
2.003055
2.306790
2.311320
2.000000
2.001528
2.003056
2.308337
2.311272
2.000000
1.000000
1.000000
1.000000
1.000000
2.000000
2.003055
2.006110
1.000000
2.622536
2.000000
2.003055
2.006110
1.000000
2.622615
2.000000
2.003056
2.006111
2.616652
2.622507
2.000000
2.003055
2.006110
2.616726
2.622597
2.000000
1.000000
1.000000
1.000000
1.000000
2.000000
2.239308
1.000000
50.537567
50.782845
2.000000
2.239422
1.000000
50.555499
50.794918
2.000000
2.239470
1.000000
50.558457
50.797966
2.000000
2.239485
1.000000
50.554767
50.794320
2.000000
1.000000
1.000000
1.000000
1.000000
2.000000
2.240748
1.000000
50.827500
51.068995
2.000000
2.240816
1.000000
50.837495
51.078304
2.000000
2.240861
1.000000
50.841249
51.082154
2.000000
2.240879
1.000000
50.839613
51.080573
2.000000
1.000000
1.000000
1.000000
1.000000
2.000000
2.000000
2.000000
2.000000
2.000000
2.000000
2.000000
2.000000
2.000000
2.000000
2.000000
2.000000
1.000000
2.000000
2.000000
2.000000
2.000000
1.000000
2.000000
2.000000
2.000000
1.000000
1.000000
1.000000
1.000000
2.000000
2.001528
2.003055
2.306771
2.311300
2.000000
2.001528
2.003056
2.306818
2.311339
2.000000
2.001528
2.003056
2.306851
2.311381
2.000000
2.001528
2.003056
2.308397
2.311333
2.000000
1.000000
1.000000
1.000000
1.000000
2.000000
2.003055
2.006111
1.000000
2.622658
2.000000
2.003056
2.006112
1.000000
2.622736
2.000000
2.003056
2.006112
2.616772
2.622628
2.000000
2.003056
2.006111
2.616846
2.622718
2.000000
1.000000
1.000000
1.000000
1.000000
2.000000
2.239356
1.000000
50.547190
50.786492
2.000000
2.239428
1.000000
50.556867
50.796292
2.000000
2.239477
1.000000
50.559829
50.799345
2.000000
2.239491
1.000000
50.556104
50.795665
2.000000
1.000000
1.000000
1.000000
1.000000
2.000000
2.240753
1.000000
50.828524
51.069212
2.000000
2.240816
1.000000
50.837495
51.078304
2.000000
2.240861
1.000000
50.841249
51.082154
2.000000
2.240879
1.000000
50.839613
51.080573
2.000000
1.000000
1.000000
1.000000
1.000000
2.000000
2.000000
2.000000
2.000000
2.000000
2.000000
2.000000
2.000000
2.000000
2.000000
2.000000
2.000000
1.000000
2.000000
2.000000
2.000000
2.000000
1.000000
2.000000
2.000000
2.000000
1.000000
1.000000
1.000000
1.000000
2.000000
2.001528
2.003055
2.306771
2.311300
2.000000
2.001528
2.003056
2.306818
2.311339
2.000000
2.001528
2.003056
2.306851
2.311381
2.000000
2.001528
2.003056
2.308397
2.311333
2.000000
1.000000
1.000000
1.000000
1.000000
2.000000
2.003055
2.006111
1.000000
2.622658
2.000000
2.003056
2.006112
1.000000
2.622736
2.000000
2.003056
2.006112
2.616772
2.622628
2.000000
2.003056
2.006111
2.616846
2.622718
2.000000
1.000000
1.000000
1.000000
1.000000
2.000000
2.239356
1.000000
50.547190
50.786492
2.000000
2.239428
1.000000
50.556867
50.796292
2.000000
2.239477
1.000000
50.559829
50.799345
2.000000
2.239491
1.000000
50.556104
50.795665
2.000000
1.000000
1.000000
1.000000
1.000000
2.000000
2.240753
1.000000
50.828524
51.069212
2.000000
2.240816
1.000000
50.837495
51.078304
2.000000
2.240861
1.000000
50.841249
51.082154
2.000000
2.240879
1.000000
50.839613
51.080573
2.000000
1.000000
1.000000
1.000000
1.000000
2.000000
2.000000
2.000000
2.000000
2.000000
2.000000
2.000000
2.000000
2.000000
2.000000
2.000000
2.000000
1.000000
2.000000
2.000000
2.000000
2.000000
1.000000
2.000000
2.000000
2.000000
1.000000
1.000000
1.000000
1.000000
2.000000
2.001528
2.003055
2.306771
2.311300
2.000000
2.001528
2.003056
2.306818
2.311339
2.000000
2.001528
2.003056
2.306851
2.311381
2.000000
2.001528
2.003056
2.308397
2.311333
2.000000
1.000000
1.000000
1.000000
1.000000
2.000000
2.003055
2.006111
1.000000
2.622658
2.000000
2.003056
2.006112
1.000000
2.622736
2.000000
2.003056
2.006112
2.616772
2.622628
2.000000
2.003056
2.006111
2.616846
2.622718
2.000000
1.000000
1.000000
1.000000
1.000000
2.000000
2.239356
1.000000
50.547190
50.786492
2.000000
2.239428
1.000000
50.556867
50.796292
2.000000
2.239477
1.000000
50.559829
50.799345
2.000000
2.239491
1.000000
50.556104
50.795665
2.000000
1.000000
1.000000
1.000000
1.000000
2.000000
2.240753
1.000000
50.828524
51.069212
2.000000
2.240816
1.000000
50.837495
51.078304
2.000000
2.240861
1.000000
50.841249
51.082154
2.000000
2.240879
1.000000
50.839613
51.080573
2.000000
1.000000
1.000000
1.000000
1.000000
2.000000
2.000000
2.000000
2.000000
2.000000
2.000000
2.000000
2.000000
2.000000
2.000000
2.000000
2.000000
1.000000
2.000000
2.000000
2.000000
2.000000
1.000000
2.000000
2.000000
2.000000
1.000000
1.000000
1.000000
1.000000
1.000000
1.000000
1.000000
1.000000
1.000000
1.000000
1.000000
1.000000
1.000000
1.000000
1.000000
1.000000
1.000000
1.000000
1.000000
1.000000
1.000000
1.000000
1.000000
1.000000
1.000000
1.000000
1.000000
1.000000
1.000000
1.000000
1.000000
1.000000
1.000000
1.000000
1.000000
1.000000
1.000000
1.000000
1.000000
1.000000
1.000000
1.000000
1.000000
1.000000
1.000000
1.000000
1.000000
1.000000
1.000000
1.000000
1.000000
1.000000
