WPOS
x_old 0.000000 0.000000 0.000000 0.000000 u -5.000000
x_new 0.000000 0.000386 0.000000 0.000890
x_old 0.000000 0.000000 0.000000 0.000000 u -2.500000
x_new 0.000000 0.010045 0.000000 0.023147
x_old 0.000000 0.000000 0.000000 0.000000 u 0.000000
x_new 0.000000 0.019703 0.000000 0.045404
x_old 0.000000 0.000000 0.000000 0.000000 u 2.500000
x_new 0.000000 0.029362 0.000000 0.067660
x_old 0.000000 0.000000 0.000000 0.000000 u 5.000000
x_new 0.000000 0.039020 0.000000 0.089917

x_old 0.000000 0.000000 0.000000 0.000000 u -5.000000
x_new 0.000000 -0.039020 0.000000 -0.089917
x_old 0.000000 0.000000 0.000000 0.000000 u -2.500000
x_new 0.000000 -0.029362 0.000000 -0.067660
x_old 0.000000 0.000000 0.000000 0.000000 u 0.000000
x_new 0.000000 -0.019703 0.000000 -0.045404
x_old 0.000000 0.000000 0.000000 0.000000 u 2.500000
x_new 0.000000 -0.010045 0.000000 -0.023147
x_old 0.000000 0.000000 0.000000 0.000000 u 5.000000
x_new 0.000000 -0.000386 0.000000 -0.000890