1.000000
1.000000
1.000000
1.000000
1.000000
1.000000
1.000000
1.000000
1.000000
1.000000
1.000000
1.000000
1.000000
1.000000
1.000000
1.000000
1.000000
1.000000
1.000000
1.000000
1.000000
1.000000
1.000000
1.000000
1.000000
1.000000
1.000000
1.000000
1.000000
1.000000
3.265622
3.048058
3.015328
3.028991
3.013660
2.995477
2.976392
2.609030
2.587464
2.551859
2.147401
2.021351
2.029050
2.013251
2.007787
2.014970
2.001437
2.000000
2.000000
2.000000
1.000000
1.000000
1.000000
1.000000
1.000000
1.000000
1.000000
1.000000
1.000000
1.000000
1.000000
1.000000
1.000000
9.268181
9.026757
8.975954
9.074844
8.807356
8.749715
8.850992
8.558665
8.494786
8.597733
8.280862
8.209999
8.314656
7.973781
7.898852
8.005282
7.645590
7.560021
7.668996
7.285683
7.194568
7.305994
6.902143
6.817739
6.924001
6.489514
6.410818
6.519723
6.061728
5.982779
6.094712
5.608068
5.492913
5.696038
5.145127
5.045742
5.249705
4.701663
4.586290
4.767452
4.160803
4.005271
4.200839
3.570580
3.526173
3.688429
3.200313
2.867492
3.063051
2.276346
2.277053
2.389782
2.046967
2.046595
2.058142
1.000000
1.000000
1.000000
1.000000
1.000000
1.000000
1.000000
1.000000
28.147167
28.312538
28.373924
28.497448
28.578959
28.610165
28.756798
28.733753
28.756855
28.920578
28.779533
28.771763
28.969086
28.659563
28.608559
28.841042
28.350914
28.253834
28.522354
27.843243
27.698177
28.002733
27.130276
26.936390
27.276077
26.210735
25.968569
26.341066
25.088852
24.799700
25.197828
23.783991
23.438807
23.776260
22.299950
21.938389
22.313797
20.723145
20.332399
20.754286
19.001820
18.570122
19.046638
17.087711
16.603838
17.143175
14.934055
14.386660
14.997407
12.490601
11.870956
12.562508
9.732790
8.985454
9.776606
6.328321
5.818129
6.368255
4.223134
1.000000
1.000000
1.000000
1.000000
1.000000
1.000000
1.000000
1.000000
5.471094
6.685444
5.760553
9.563911
10.431414
9.570250
12.930061
13.646870
12.891705
15.815786
16.436119
15.781097
18.347092
18.895735
18.326635
20.607018
21.102188
20.604721
22.666737
23.124582
22.685673
24.593298
25.029629
24.637047
26.454031
26.885239
26.527042
28.319830
28.763647
28.273174
29.910425
30.236301
29.767967
31.152237
31.395226
30.970135
32.074890
32.241081
31.866978
32.687168
32.780098
32.459534
33.001923
33.026123
32.759117
33.039047
33.000458
32.785221
32.898090
32.806656
32.615330
32.599541
32.479160
32.318214
32.169781
32.021614
31.888693
31.624706
31.454506
1.000000
1.000000
1.000000
1.000000
1.000000
1.000000
1.000000
1.000000
2.069928
2.049201
2.193780
2.385721
2.336403
2.960616
3.047204
2.982675
3.584281
3.791218
3.656718
4.210500
4.394768
4.198575
4.866276
5.006461
4.806963
5.419384
5.552232
5.340871
5.937880
6.045352
5.816066
6.384738
6.476666
6.352633
6.874007
6.947199
6.824482
7.298856
7.379675
7.257121
7.707400
7.793676
7.669154
8.093614
8.177649
8.057713
8.457146
8.532618
8.414737
8.789873
8.858332
8.742743
9.091696
9.153252
9.039803
9.361037
9.414912
9.303795
9.597446
9.643283
9.534919
9.799598
9.837467
1.000000
1.000000
1.000000
1.000000
1.000000
1.000000
1.000000
1.000000
1.000000
1.000000
1.000000
1.000000
1.000000
2.000000
2.000000
2.000000
2.010173
2.012110
2.010499
2.025194
2.028961
2.022326
2.403895
2.641037
2.494843
2.963289
2.990307
2.993162
3.029332
3.033475
3.018762
3.237695
3.340896
1.000000
1.000000
1.000000
1.000000
1.000000
1.000000
1.000000
1.000000
1.000000
1.000000
1.000000
1.000000
1.000000
1.000000
1.000000
1.000000
1.000000
1.000000
1.000000
1.000000
1.000000
1.000000
1.000000
1.000000
1.000000
1.000000
1.000000
1.000000
1.000000
1.000000
