1.000000
1.000000
1.000000
1.000000
1.000000
1.000000
1.000000
1.000000
1.000000
1.000000
1.000000
1.000000
1.000000
1.000000
1.000000
1.000000
1.000000
1.000000
1.000000
1.000000
1.000000
1.000000
1.000000
1.000000
1.000000
1.000000
1.000000
1.000000
1.000000
1.000000
1.000000
1.000000
1.000000
1.000000
1.000000
1.000000
1.000000
1.000000
1.000000
1.000000
1.000000
1.000000
1.000000
1.000000
1.000000
1.000000
1.000000
1.000000
1.000000
1.000000
1.000000
1.000000
1.000000
1.000000
1.000000
1.000000
1.000000
1.000000
1.000000
1.000000
1.000000
1.000000
1.000000
1.000000
1.000000
1.000000
1.000000
1.000000
1.000000
1.000000
1.000000
1.000000
1.000000
1.000000
1.000000
1.000000
1.000000
1.000000
1.000000
1.000000
1.000000
1.000000
1.000000
1.000000
1.000000
1.000000
1.000000
1.000000
1.000000
1.000000
1.000000
1.000000
1.000000
1.000000
1.000000
1.000000
1.000000
1.000000
1.000000
1.000000
17.924353
17.767233
17.610203
17.453068
17.295599
17.137806
16.980011
16.822649
16.665924
16.509693
16.353642
16.197603
16.041817
15.886744
15.732741
15.579735
15.427307
15.275158
15.123335
14.972333
14.822626
14.674236
14.526793
14.379752
14.232997
14.086887
13.941994
13.798675
13.656536
13.514943
13.373366
13.231871
13.091348
12.952389
12.814946
12.678060
12.540599
12.402542
12.264658
12.128327
11.993668
11.859284
11.723969
11.586764
11.448759
11.311652
11.175789
11.040552
10.903565
10.763731
10.620956
10.476661
10.333931
10.191629
10.048138
9.900181
9.744252
9.584299
9.424318
9.267468
9.109968
8.943365
8.765334
8.574835
8.385607
8.203426
8.016542
7.822505
7.607683
7.375313
7.141573
6.910251
6.686514
6.448772
6.203000
5.930746
5.615813
5.331984
5.058800
4.806266
4.586158
4.276574
3.901882
3.521952
3.303836
3.195281
3.000000
2.842305
2.362253
2.000000
2.000000
2.000000
2.000000
2.000000
1.000000
1.000000
1.000000
1.000000
1.000000
1.000000
1.000000
2.637944
2.658390
2.679564
2.701521
2.724317
2.748009
2.772666
2.798378
2.825238
2.853331
2.882735
2.913547
2.945902
2.979964
3.015871
3.053720
3.093613
3.135736
3.180365
3.227746
3.277996
3.331166
3.387443
3.447255
3.511068
3.579075
3.651168
3.727367
3.808227
3.894628
3.987028
4.085070
4.188241
4.296987
4.412817
4.536925
4.668809
4.806858
4.950715
5.102545
5.265110
5.438418
5.619230
5.804987
5.997864
6.203241
6.423289
6.653246
6.886292
7.122571
7.370704
7.637897
7.919680
8.202909
8.481624
8.766600
9.073702
9.403347
9.735786
10.052820
10.362902
10.693332
11.056993
11.431765
11.780674
12.100263
12.428887
12.800468
13.201759
13.574600
13.887770
14.184971
14.526953
14.925979
15.313126
15.607857
15.845513
16.115746
16.467274
16.854151
17.127508
17.282963
17.447582
17.693247
18.048601
18.316376
18.369089
18.417803
18.499277
18.768053
19.042467
18.974316
18.902735
18.828188
18.926834
19.209072
19.013830
18.817574
18.620836
18.423420
18.225992
18.027813
17.829107
17.630465
17.431644
17.233322
17.036030
16.839169
16.643330
16.448193
16.254395
16.062485
15.871738
15.682745
15.495067
15.309314
15.126063
14.944430
14.765029
14.587277
14.411781
14.239196
14.068423
13.900150
13.733624
13.569472
13.408494
13.249311
13.092749
12.937829
12.785238
12.636017
12.488392
12.343418
12.199808
12.058350
11.920463
11.783802
11.649786
11.516677
11.385409
11.258018
11.131274
11.007186
10.883320
10.760822
10.642723
10.524397
10.408807
10.292420
10.176660
10.066231
9.954208
9.845159
9.733728
9.621689
9.516673
9.407814
9.302458
9.192132
9.079022
8.976049
8.865282
8.759165
8.643681
8.521269
8.414881
8.293528
8.179363
8.047796
7.901056
7.782462
7.635235
7.500332
7.333433
7.135387
6.991117
6.789446
6.614933
6.383318
6.084664
5.895264
5.600096
5.373438
5.034972
4.546885
4.351310
3.934865
3.676103
3.213916
2.573248
2.558082
2.000000
2.000000
2.000000
1.000000
1.000000
1.000000
1.000000
1.000000
1.000000
4.408111
4.456387
4.506803
4.559542
4.614805
4.672805
4.733765
4.797921
4.865541
4.936926
5.012393
5.092259
5.176841
5.266492
5.361623
5.462677
5.570073
5.684190
5.805428
5.934268
6.071275
6.216980
6.371779
6.535996
6.710072
6.894657
7.090380
7.297580
7.516341
7.746879
7.989746
8.245619
8.514788
8.797015
9.091878
9.399469
9.720483
10.055443
10.403597
10.763412
11.134114
11.516547
11.911375
12.317482
12.732171
13.153714
13.582029
14.018101
14.461399
14.909189
15.356984
15.803059
16.249252
16.697994
17.145252
17.583885
18.010361
18.428959
18.842243
19.247417
19.636513
20.006201
20.356083
20.691015
21.013079
21.319166
21.596436
21.842295
22.064919
22.277771
22.471632
22.631716
22.754192
22.855270
22.939402
23.006405
23.043243
23.052141
23.028919
22.984337
22.927052
22.850355
22.742493
22.607317
22.450493
22.284180
22.111952
21.918015
21.700562
21.465956
21.228947
20.996132
20.744364
20.478924
20.211180
19.940857
19.668261
19.394545
19.119337
18.842415
18.564499
18.287106
18.008558
17.729614
17.450987
17.173349
16.897308
16.623413
16.352148
16.083939
15.819160
15.558123
15.301095
15.048297
14.799906
14.556068
14.316890
14.082451
13.852803
13.627975
13.407982
13.192810
12.982436
12.776826
12.575928
12.379687
12.188037
12.000906
11.818213
11.639874
11.465809
11.295922
11.130127
10.968328
10.810431
10.656343
10.505971
10.359220
10.215994
10.076202
9.939757
9.806563
9.676532
9.549578
9.425613
9.304553
9.186315
9.070819
8.957983
8.847724
8.739972
8.634651
8.531681
8.430984
8.332497
8.236150
8.141853
8.049538
7.959149
7.870607
7.783803
7.698678
7.615198
7.533224
7.452605
7.373344
7.295384
7.218429
7.142288
7.067137
6.992723
6.918369
6.843995
6.770152
6.695727
6.619364
6.541691
6.463891
6.381647
6.293321
6.201993
6.109035
5.999475
5.876972
5.750134
5.616278
5.427690
5.224978
5.019208
4.784019
4.385074
4.035608
3.704440
3.236515
2.421402
2.000000
2.000000
1.000000
1.000000
1.000000
1.000000
6.207827
6.286117
6.368193
6.454373
6.544997
6.640435
6.741086
6.847379
6.959767
7.078720
7.204739
7.338350
7.480123
7.630637
7.790473
7.960222
8.140494
8.331934
8.535192
8.750879
8.979571
9.221819
9.478208
9.749326
10.035662
10.337584
10.655375
10.989336
11.339769
11.706841
12.090508
12.490532
12.906626
13.338556
13.786003
14.248367
14.724653
15.213742
15.714700
16.226662
16.748404
17.278164
17.814011
18.354286
18.897537
19.442146
19.986004
20.526634
21.061638
21.589241
22.108030
22.616152
23.110825
23.589376
24.050276
24.492802
24.915562
25.316334
25.692966
26.044456
26.370398
26.670643
26.944441
27.190575
27.407822
27.596384
27.758282
27.893490
28.001329
28.082140
28.132713
28.164307
28.167055
28.142529
28.088394
28.007187
27.898567
27.765280
27.607370
27.426239
27.220459
26.993170
26.744173
26.476532
26.188869
25.883417
25.558167
25.217846
24.859823
24.489052
24.100851
23.701012
23.285746
22.861435
22.422693
21.977257
21.518724
21.056177
20.582121
20.107067
19.622278
19.139668
18.649569
18.158628
17.671782
17.192657
16.723854
16.267216
15.823969
15.394904
14.980461
14.580803
14.195910
13.825600
13.469591
13.127523
12.798971
12.483486
12.180583
11.889776
11.610574
11.342482
11.085021
10.837716
10.600111
10.371765
10.152247
9.941154
9.738088
9.542677
9.354565
9.173409
8.998888
8.830690
8.668526
8.512118
8.361200
8.215525
8.074851
7.938956
7.807627
7.680659
7.557863
7.439053
7.324058
7.212715
7.104865
7.000365
6.899069
6.800848
6.705575
6.613126
6.523391
6.436257
6.351625
6.269393
6.189470
6.111764
6.036191
5.962669
5.891123
5.821477
5.753662
5.687609
5.623257
5.560542
5.499404
5.439790
5.381643
5.324915
5.269548
5.215503
5.162718
5.111168
5.060775
5.011535
4.963331
4.916208
4.869961
4.824735
4.780119
4.736494
4.692957
4.650471
4.606932
4.564756
4.518838
4.475364
4.421494
4.373457
4.297922
4.238647
4.106322
4.022554
3.740239
3.608549
2.922760
2.727582
1.000000
1.000000
1.000000
7.885971
7.986602
8.091927
8.202324
8.318207
8.440020
8.568238
8.703363
8.845922
8.996477
9.155617
9.323966
9.502166
9.690867
9.890738
10.102463
10.326752
10.564310
10.815817
11.081924
11.363272
11.660499
11.974214
12.304936
12.653091
13.019039
13.403106
13.805553
14.226498
14.665876
15.123487
15.599054
16.092230
16.602503
17.129110
17.671055
18.227242
18.796568
19.377802
19.969418
20.569616
21.176521
21.788326
22.403193
23.019098
23.633780
24.244892
24.850229
25.447809
26.035685
26.611713
27.173626
27.719460
28.247753
28.757265
29.246614
29.714409
30.159645
30.581907
30.981121
31.357359
31.710743
32.041618
32.350815
32.639774
32.910278
33.163841
33.402088
33.627026
33.840858
34.046776
34.245819
34.440479
34.633484
34.827919
35.026367
35.231071
35.443336
35.663692
35.891594
36.125694
36.363121
36.599697
36.829597
37.045784
37.239830
37.402397
37.522869
37.590210
37.572548
37.421177
37.109840
36.614494
35.915146
34.997528
33.854683
32.488026
30.908089
29.134575
27.195879
25.127937
22.972563
21.106876
19.482775
18.061338
16.810888
15.705487
14.723791
13.848124
13.063775
12.358442
11.721788
11.145077
10.620896
10.142938
9.705797
9.304830
8.936035
8.595945
8.281549
7.990217
7.719651
7.467832
7.232982
7.013535
6.808100
6.615440
6.434455
6.264165
6.103689
5.952240
5.809105
5.673646
5.545285
5.423498
5.307811
5.197793
5.093050
4.993223
4.897986
4.807039
4.720104
4.636932
4.557288
4.480960
4.407749
4.337472
4.269961
4.205060
4.142625
4.082519
4.024617
3.968803
3.914968
3.863012
3.812838
3.764358
3.717490
3.672157
3.628284
3.585804
3.544653
3.504769
3.466098
3.428583
3.392175
3.356827
3.322495
3.289134
3.256705
3.225170
3.194493
3.164640
3.135578
3.107277
3.079707
3.052842
3.026654
3.001118
2.976212
2.951910
2.928194
2.905042
2.882433
2.860349
2.838773
2.817688
2.797075
2.776921
2.757211
2.737928
2.719059
2.700585
2.682472
2.664619
2.646630
2.626805
2.597590
2.524523
2.246964
1.000000
1.000000
6.758440
8.674377
9.378628
9.696278
9.891037
10.048903
10.198629
10.350225
10.507447
10.671965
10.844736
11.026490
11.217890
11.419568
11.632170
11.856340
12.092744
12.342050
12.604898
12.881925
13.173737
13.480929
13.804086
14.143709
14.500239
14.874053
15.265466
15.674749
16.102049
16.547388
17.010666
17.491676
17.990149
18.505661
19.037630
19.585295
20.147753
20.724056
21.313122
21.913710
22.524387
23.143606
23.769777
24.401285
25.036417
25.673332
26.310118
26.944874
27.575808
28.201178
28.819221
29.428165
30.026337
30.612316
31.184883
31.742905
32.285343
32.811356
33.320408
33.812252
34.286869
34.744423
35.185268
35.610050
36.019737
36.415585
36.798992
37.171494
37.534809
37.890862
38.241802
38.589619
38.936451
39.284599
39.636501
39.994614
40.361317
40.738792
41.128960
41.533409
41.953403
42.389786
42.843040
43.313244
43.800209
44.303593
44.823048
45.358448
45.909775
46.476055
47.055843
47.649731
48.261189
48.897354
49.569866
50.295628
51.097404
52.004383
53.052536
54.284904
1.000000
1.000000
1.000000
1.000000
1.000000
1.000000
1.000000
1.000000
1.000000
1.000000
1.000000
1.000000
1.000000
1.000000
1.000000
1.000000
1.000000
1.000000
1.000000
1.000000
1.000000
1.000000
1.000000
1.000000
1.000000
1.000000
1.000000
1.000000
1.000000
1.000000
1.000000
1.000000
1.000000
1.000000
1.000000
1.000000
1.000000
1.000000
1.000000
1.000000
1.000000
1.000000
1.000000
1.000000
1.000000
1.000000
1.000000
1.000000
1.000000
1.000000
1.000000
1.000000
1.000000
1.000000
1.000000
1.000000
1.000000
1.000000
1.000000
1.000000
1.000000
1.000000
1.000000
1.000000
1.000000
1.000000
1.000000
1.000000
1.000000
1.000000
1.000000
1.000000
1.000000
1.000000
1.000000
1.000000
1.000000
1.000000
1.000000
1.000000
1.000000
1.000000
1.000000
1.000000
1.000000
1.000000
1.000000
1.000000
1.000000
1.000000
1.000000
1.000000
1.000000
1.000000
1.000000
1.000000
1.000000
1.000000
1.000000
1.000000
