1.000000
1.000000
1.000000
1.000000
1.000000
1.000000
1.000000
1.000000
1.000000
1.000000
1.000000
1.000000
1.000000
1.000000
1.000000
1.000000
1.000000
1.000000
1.000000
1.000000
1.000000
1.000000
1.000000
1.000000
1.000000
1.000000
1.000000
1.000000
1.000000
1.000000
1.000000
1.000000
1.000000
1.000000
1.000000
1.000000
1.000000
1.000000
1.000000
1.000000
1.000000
1.000000
1.000000
1.000000
1.000000
1.000000
1.000000
1.000000
1.000000
1.000000
1.000000
1.000000
1.000000
1.000000
1.000000
1.000000
1.000000
1.000000
1.000000
1.000000
1.000000
1.000000
1.000000
1.000000
1.000000
1.000000
1.000000
1.000000
1.000000
1.000000
1.000000
1.000000
1.000000
1.000000
1.000000
1.000000
1.000000
1.000000
1.000000
1.000000
1.000000
1.000000
1.000000
1.000000
1.000000
1.000000
1.000000
1.000000
1.000000
1.000000
1.000000
1.000000
1.000000
1.000000
1.000000
1.000000
1.000000
1.000000
1.000000
1.000000
18.077808
17.919653
17.761618
17.603828
17.446419
17.289473
17.132988
16.976974
16.821484
16.666655
16.512609
16.359379
16.206984
16.055466
15.904886
15.755297
15.606717
15.459177
15.312709
15.167364
15.023211
14.880290
14.738609
14.598154
14.458941
14.321019
14.184464
14.049331
13.915587
13.783152
13.652023
13.522296
13.394095
13.267441
13.142204
13.018234
12.895618
12.774531
12.655027
12.537092
12.420547
12.305190
12.191241
12.078843
11.967999
11.858709
11.750791
11.644004
11.538563
11.434597
11.332099
11.231087
11.131653
11.033245
10.935861
10.839522
10.743674
10.647611
10.549438
10.445415
10.333813
10.215384
10.082234
9.918619
9.724018
9.510067
9.285583
9.023993
8.681771
8.287143
7.879389
7.499531
7.150796
6.696170
6.168734
5.743412
5.348074
5.093484
4.758835
4.346597
4.151103
4.039002
3.827834
3.417175
3.143021
3.000000
3.000000
3.000000
2.646293
2.000000
2.000000
2.000000
2.000000
2.000000
1.000000
1.000000
1.000000
1.000000
1.000000
1.000000
1.000000
1.000000
1.000000
1.000000
1.000000
1.000000
1.000000
1.000000
1.000000
1.000000
1.000000
1.000000
1.000000
1.000000
1.000000
1.000000
1.000000
1.000000
1.000000
1.000000
1.000000
1.000000
1.000000
1.000000
1.000000
1.000000
1.000000
1.000000
1.000000
1.000000
1.000000
1.000000
1.000000
1.000000
1.000000
1.000000
1.000000
1.000000
1.000000
1.000000
1.000000
1.000000
1.000000
1.000000
1.000000
1.000000
1.000000
1.000000
1.000000
2.007751
2.032342
2.059358
2.089337
2.122788
2.160444
2.203507
2.253747
2.313098
2.382051
2.459727
2.547393
2.649324
2.771411
2.920454
3.093644
3.277270
3.470196
3.687508
3.943612
4.261899
4.635569
5.002661
5.342286
5.707445
6.121956
6.648278
7.303660
7.915123
8.372494
8.840532
9.343468
9.992414
10.919909
11.807190
12.254817
12.686966
13.121143
13.665652
14.688551
15.882223
16.134064
16.340775
16.538822
16.730268
17.470900
19.026192
18.885891
18.716705
18.546721
18.376657
18.207092
18.037985
17.869577
17.700441
17.530914
17.361811
17.193701
17.026470
16.859451
16.692211
16.525253
16.359531
16.195490
16.032764
15.870691
15.709174
15.548914
15.390518
15.233909
15.078792
14.925048
14.772694
14.621774
14.472341
14.324430
14.178061
14.033218
13.889915
13.748195
13.608126
13.469733
13.332983
13.197790
13.064174
12.932261
12.802159
12.673775
12.546904
12.421536
12.297890
12.176062
12.056044
11.937512
11.820379
11.704892
11.591165
11.479184
11.368931
11.259902
11.152303
11.046372
10.942107
10.839482
10.738474
10.638592
10.540066
10.443107
10.347690
10.253790
10.161380
10.070426
9.980866
9.892514
9.804814
9.717013
9.628109
9.533600
9.428838
9.315008
9.190590
9.029447
8.820250
8.576162
8.314283
8.037354
7.636046
7.145890
6.644296
6.162319
5.797338
5.379303
4.723692
4.445199
4.030187
3.943232
3.741823
3.050846
3.000000
3.000000
3.000000
2.068855
2.000000
2.000000
2.000000
2.000000
2.000000
1.000000
1.000000
1.000000
1.000000
1.000000
1.000000
2.000000
2.000000
2.000000
2.000000
2.000000
2.000000
2.000000
2.000000
2.000000
2.000000
2.000000
2.000000
2.000000
2.000000
2.000000
2.000000
2.000000
2.000000
2.000000
2.000000
2.000000
2.000000
2.000000
2.000000
2.000000
2.000000
2.000000
2.000000
2.000000
2.000000
2.000000
2.000000
2.000000
2.000000
2.000000
2.000000
2.000000
2.000000
2.000000
2.000000
2.000000
2.000000
2.741574
2.936373
2.980746
3.028857
3.081371
3.139164
3.207455
3.295262
3.399996
3.524752
3.670361
3.837623
4.031134
4.258825
4.532131
4.856239
5.216946
5.596643
6.005041
6.460251
6.992300
7.618504
8.282804
8.901907
9.507048
10.137529
10.852255
11.711095
12.606292
13.313883
13.924027
14.511038
15.151227
15.972490
16.863922
17.406670
17.782679
18.102335
18.425924
18.912401
19.541521
19.761961
19.817707
19.822224
19.808292
19.861128
20.084051
20.039759
19.866873
19.690443
19.512161
19.331884
19.150423
18.970125
18.791048
18.610737
18.428349
18.244371
18.060358
17.880133
17.699814
17.517944
17.334232
17.150173
16.967583
16.786549
16.605274
16.422344
16.238817
16.057335
15.879056
15.702200
15.524336
15.345908
15.170078
14.998814
14.830581
14.662631
14.494980
14.330376
14.170325
14.013821
13.859601
13.707289
13.556877
13.408359
13.261725
13.116998
12.974218
12.833411
12.694539
12.557534
12.422410
12.289283
12.158200
12.028975
11.901477
11.775865
11.652296
11.530749
11.410914
11.292671
11.176302
11.061917
10.949487
10.838693
10.729364
10.621781
10.516058
10.412163
10.310063
10.209205
10.109841
10.012206
9.916267
9.821990
9.729342
9.638291
9.548807
9.460855
9.374407
9.289431
9.205895
9.123760
9.042948
8.963223
8.883853
8.803809
8.721638
8.630812
8.524320
8.403254
8.264573
8.066623
7.790839
7.463926
7.115077
6.743026
6.160603
5.531374
4.950241
4.441690
4.159574
3.794472
3.381947
3.110167
3.000000
2.852745
2.365707
2.000000
2.000000
2.000000
2.000000
1.000000
1.000000
1.000000
1.000000
1.000000
1.000000
2.089172
2.108280
2.127389
2.146497
2.165606
2.184714
2.203822
2.222930
2.242039
2.261147
2.280255
2.299364
2.318472
2.337580
2.356688
2.375796
2.394905
2.414013
2.433122
2.452229
2.471338
2.490446
2.509554
2.528663
2.547771
2.566880
2.585988
2.605096
2.624204
2.643312
2.662421
2.681529
2.700638
2.719746
2.738853
2.757962
2.990568
3.444064
3.592102
3.667598
3.748242
3.834914
3.970524
4.130918
4.243563
4.376115
4.531662
4.712004
4.929531
5.205292
5.533385
5.924300
6.378700
6.882489
7.423795
8.007957
8.653199
9.384242
10.197876
11.034703
11.838711
12.617739
13.409829
14.269380
15.207476
16.112282
16.870296
17.512669
18.104818
18.723989
19.411499
20.036646
20.456167
20.736427
20.944654
21.149096
21.405647
21.625555
21.702860
21.674891
21.594980
21.501432
21.424915
21.388704
21.255808
21.079901
20.902063
20.722839
20.542843
20.360676
20.175047
19.988720
19.801632
19.614635
19.425598
19.232227
19.038370
18.844463
18.651676
18.457338
18.258486
18.059391
17.860966
17.664589
17.467348
17.266068
17.061979
16.859253
16.659668
16.460251
16.257225
16.051651
15.848442
15.650014
15.452759
15.251693
15.048213
14.849052
14.657197
14.467168
14.272619
14.077020
13.889636
13.712175
13.536505
13.357615
13.182260
13.017923
12.862714
12.711733
12.563148
12.416827
12.272804
12.131049
11.991518
11.854158
11.718994
11.586142
11.455509
11.326869
11.200272
11.075941
10.953915
10.833732
10.715372
10.599140
10.485107
10.373209
10.262796
10.154185
10.047647
9.943134
9.840604
9.739423
9.639880
9.542231
9.446430
9.352439
9.260213
9.169714
9.080898
8.993730
8.908169
8.824179
8.741726
8.660770
8.581278
8.503216
8.426550
8.351252
8.277279
8.204583
8.133019
8.062080
7.990134
7.915587
7.835158
7.730802
7.595984
7.438219
7.238462
6.867970
6.404611
5.896318
5.406010
4.881923
3.938067
3.689210
3.000000
3.000000
2.962845
2.000000
2.000000
2.000000
2.000000
1.000000
1.000000
1.000000
1.000000
1.000000
1.000000
3.016303
3.021866
3.028159
3.035182
3.042935
3.051419
3.060633
3.070577
3.081252
3.092656
3.104791
3.117656
3.131252
3.145577
3.160633
3.176419
3.192936
3.210182
3.228160
3.246867
3.266304
3.286472
3.307370
3.328998
3.351356
3.374445
3.398264
3.422813
3.448093
3.474102
3.500843
3.659485
3.980462
4.135412
4.226615
4.319079
4.419222
4.694512
4.893843
5.024451
5.166906
5.332881
5.525239
5.755852
6.045600
6.393477
6.810206
7.299825
7.863585
8.504266
9.201021
9.965259
10.815171
11.748692
12.717376
13.664547
14.576771
15.474642
16.400265
17.370014
18.310883
19.125952
19.806942
20.399277
20.965790
21.544300
22.068832
22.442867
22.687744
22.853600
22.980989
23.109983
23.207176
23.230661
23.201326
23.117229
23.005804
22.889954
22.782259
22.653622
22.494713
22.325930
22.154758
21.981558
21.805937
21.627064
21.445238
21.261108
21.074776
20.885740
20.693411
20.498343
20.301079
20.101439
19.899094
19.694098
19.487099
19.278116
19.066761
18.853212
18.638182
18.422045
18.204197
17.984499
17.763737
17.542747
17.321392
17.098986
16.875637
16.652504
16.430332
16.208313
15.985314
15.762012
15.540450
15.320836
15.100621
14.878552
14.657689
14.441092
14.225834
14.006796
13.786349
13.572489
13.365032
13.153801
12.936868
12.727894
12.534432
12.343496
12.145886
11.956310
11.789288
11.639351
11.495947
11.355373
11.217319
11.081734
10.948614
10.817994
10.689720
10.563696
10.440083
10.318929
10.199872
10.082854
9.968160
9.855865
9.745510
9.636967
9.530554
9.426361
9.324334
9.223772
9.124986
9.028254
8.933516
8.840723
8.749820
8.660759
8.573490
8.487965
8.404139
8.321966
8.241408
8.162416
8.084952
8.008978
7.934454
7.861346
7.789612
7.719219
7.650129
7.582308
7.515718
7.450314
7.386021
7.322628
7.259348
7.193281
7.121294
7.037832
6.907024
6.711587
6.470372
6.155589
5.479446
4.753296
4.052757
3.444894
3.100817
2.851625
2.327312
2.000000
2.000000
2.000000
1.000000
1.000000
1.000000
1.000000
1.000000
3.251458
3.286128
3.320496
3.354606
3.388498
3.422214
3.455796
3.489286
3.522727
3.556158
3.589623
3.623165
3.656822
3.690640
3.724658
3.758919
3.793466
3.828338
3.863580
3.899231
3.935335
3.971933
4.009066
4.046778
4.085109
4.124102
4.196046
4.357934
4.543099
4.657935
4.752780
4.881621
5.129411
5.421665
5.602654
5.749529
5.912860
6.103412
6.329371
6.596011
6.914321
7.297363
7.754851
8.292629
8.916079
9.620598
10.399856
11.268242
12.242764
13.300362
14.371181
15.415991
16.429726
17.431911
18.445053
19.448727
20.372637
21.165340
21.833477
22.417583
22.961777
23.465717
23.875593
24.162081
24.351727
24.478344
24.570938
24.636438
24.667978
24.653341
24.602312
24.512577
24.400227
24.281509
24.162189
24.028782
23.879072
23.722525
23.562355
23.398851
23.231760
23.060226
22.884306
22.704498
22.520918
22.332693
22.139795
21.942848
21.742256
21.537004
21.327354
21.114031
20.897665
20.676929
20.452309
20.224751
19.995121
19.761717
19.525188
19.286598
19.047110
18.804609
18.559891
18.314037
18.068316
17.822317
17.575272
17.328184
17.082504
16.837803
16.592941
16.348793
16.107117
15.867420
15.627936
15.389357
15.154006
14.921358
14.688541
14.455956
14.227086
14.001451
13.774182
13.545136
13.320246
13.099479
12.873980
12.642597
12.417098
12.198883
11.970546
11.730677
11.505274
11.297078
11.075190
10.845592
10.652115
10.501000
10.366335
10.235290
10.106924
9.981170
9.857853
9.737020
9.618816
9.502839
9.389074
9.277805
9.169013
9.061999
8.957112
8.854618
8.754445
8.655825
8.559095
8.464550
8.372118
8.281737
8.193344
8.106879
8.022285
7.939508
7.858490
7.779184
7.701540
7.625507
7.551041
7.478096
7.406631
7.336607
7.267981
7.200719
7.134788
7.070157
7.006800
6.944690
6.883812
6.824152
6.765705
6.708471
6.652451
6.597568
6.543362
6.487641
6.421593
6.339116
6.221558
5.937443
5.525336
5.065976
4.410147
3.000000
2.913788
2.000000
2.000000
2.000000
1.000000
1.000000
1.000000
1.000000
1.000000
4.073003
4.090738
4.110060
4.130925
4.153293
4.177125
4.202390
4.229055
4.257093
4.286481
4.317195
4.349220
4.382539
4.417141
4.453019
4.490166
4.528581
4.568264
4.609221
4.651459
4.694988
4.739824
4.801197
4.909981
5.039547
5.139537
5.229527
5.388580
5.677251
5.944857
6.126972
6.284378
6.455024
6.692689
6.938269
7.198323
7.504099
7.871866
8.312757
8.836464
9.453008
10.160685
10.956363
11.852559
12.865896
13.979217
15.128098
16.269440
17.387833
18.486731
19.583050
20.654371
21.637274
22.485544
23.201107
23.815596
24.367428
24.861267
25.260223
25.544464
25.736279
25.865110
25.953480
26.008636
26.030657
26.023283
25.982840
25.913321
25.820564
25.715397
25.605017
25.486773
25.357296
25.219452
25.076202
24.928106
24.775038
24.616524
24.452152
24.281891
24.105843
23.923721
23.735216
23.540409
23.339565
23.132568
22.919289
22.699953
22.474949
22.244291
22.008024
21.766476
21.520105
21.269091
21.013588
20.753963
20.490707
20.224163
19.954496
19.682085
19.407463
19.131062
18.852888
18.573471
18.293335
18.012981
17.732918
17.453644
17.175598
16.899179
16.624802
16.352844
16.083582
15.817278
15.554237
15.294683
15.038673
14.786365
14.537976
14.293458
14.052654
13.815696
13.582646
13.353041
13.126493
12.903183
12.682920
12.464396
12.246726
12.030839
11.815966
11.597347
11.375056
11.154779
10.928442
10.684083
10.440386
10.206743
9.947672
9.676454
9.463305
9.316925
9.195026
9.077183
8.961887
8.849195
8.738831
8.630771
8.525269
8.421923
8.320614
8.221653
8.125113
8.030185
7.937219
7.846512
7.757986
7.671564
7.587177
7.504758
7.424241
7.345562
7.268664
7.193489
7.119984
7.048094
6.977768
6.908957
6.841616
6.775698
6.711154
6.647940
6.586012
6.525324
6.465830
6.407479
6.350221
6.294004
6.238771
6.184461
6.131004
6.078327
6.026349
5.974978
5.924108
5.873472
5.822023
5.765734
5.680741
5.547126
5.347795
4.668953
3.776956
3.043634
2.324370
2.000000
2.000000
1.000000
1.000000
1.000000
1.000000
4.437702
4.485088
4.532107
4.578882
4.625531
4.672168
4.718902
4.765834
4.813068
4.860700
4.908823
4.957527
5.006900
5.057029
5.107995
5.159880
5.212765
5.266726
5.324626
5.396772
5.487964
5.582292
5.675766
5.810100
6.024570
6.271042
6.473668
6.645969
6.841483
7.090718
7.358060
7.607457
7.875662
8.192400
8.572430
9.027470
9.569151
10.206314
10.941241
11.779360
12.734608
13.810625
14.975257
16.177902
17.386795
18.588558
19.783911
20.968664
22.093679
23.084641
23.931419
24.649733
25.271711
25.819164
26.282017
26.637928
26.889917
27.063940
27.185036
27.266792
27.313421
27.336159
27.330547
27.296144
27.238409
27.162394
27.075323
26.982010
26.881208
26.771368
26.654301
26.531448
26.402790
26.268028
26.126740
25.978424
25.822889
25.660030
25.489422
25.310911
25.124504
24.929827
24.727028
24.516279
24.296919
24.069448
23.834478
23.590904
23.339430
23.081308
22.814919
22.541159
22.262032
21.975231
21.681860
21.384871
21.081141
20.771807
20.460945
20.144640
19.823847
19.503773
19.179800
18.852987
18.524481
18.195404
17.866833
17.539740
17.214931
16.893143
16.574997
16.260983
15.951565
15.647141
15.348010
15.054464
14.766757
14.485023
14.209411
13.940063
13.676960
13.420121
13.169622
12.925282
12.686994
12.454838
12.228423
12.007461
11.792148
11.581729
11.375484
11.174002
10.975718
10.778616
10.584511
10.389841
10.188388
9.986200
9.775206
9.535475
9.290984
9.030074
8.701972
8.400032
8.222951
8.111834
8.007780
7.906005
7.806515
7.709460
7.614265
7.521252
7.430656
7.341656
7.254607
7.169802
7.087155
7.006589
6.928027
6.851396
6.776628
6.703656
6.632419
6.562858
6.494915
6.428538
6.363674
6.300277
6.238301
6.177706
6.118451
6.060501
6.003826
5.948396
5.894189
5.841184
5.789366
5.738725
5.689258
5.640965
5.593856
5.547944
5.503252
5.459811
5.417660
5.376847
5.337430
5.299480
5.263040
5.227547
5.189085
5.130255
4.935446
4.577531
4.017774
2.000000
2.000000
1.000000
1.000000
1.000000
1.000000
5.168766
5.202157
5.237761
5.275478
5.315223
5.356923
5.400514
5.445946
5.493180
5.542183
5.592937
5.645428
5.699652
5.755617
5.813332
5.873772
5.940880
6.017548
6.098700
6.189814
6.323274
6.507107
6.700248
6.873684
7.062244
7.315821
7.593004
7.850686
8.090750
8.347752
8.659801
9.021389
9.443884
9.947246
10.545231
11.244801
12.053589
12.985304
14.044942
15.209545
16.439163
17.703413
18.981247
20.260620
21.532160
22.751804
23.847946
24.798878
25.601959
26.278963
26.869114
27.365456
27.750645
28.029600
28.227585
28.369970
28.471312
28.536833
28.575779
28.591818
28.584999
28.555418
28.508492
28.449471
28.382753
28.309528
28.229084
28.141773
28.048544
27.949579
27.844551
27.733047
27.614620
27.488888
27.355600
27.214432
27.065046
26.907253
26.740765
26.565302
26.380745
26.186779
25.983099
25.769665
25.546202
25.312346
25.068075
24.813375
24.547747
24.271196
23.984406
23.686232
23.377207
23.059198
22.728928
22.389664
22.043549
21.682962
21.319849
20.949984
20.562672
20.187975
19.796137
19.390755
18.976379
18.557751
18.139259
17.724531
17.316256
16.916258
16.525585
16.144745
15.773911
15.413049
15.062080
14.720896
14.389399
14.067517
13.755160
13.452250
13.158676
12.874308
12.598995
12.332547
12.074775
11.825452
11.584346
11.351213
11.125791
10.907818
10.697016
10.493091
10.295752
10.104629
9.919340
9.739477
9.564252
9.392953
9.224482
9.055893
8.885221
8.707840
8.507305
8.286454
8.013088
7.634276
7.286268
7.103769
7.007823
6.919959
6.834028
6.749982
6.668071
6.587652
6.509062
6.432572
6.358101
6.285573
6.214910
6.146044
6.078909
6.013441
5.949578
5.887262
5.826438
5.767051
5.709048
5.652376
5.596987
5.542832
5.489858
5.438018
5.387261
5.337539
5.288799
5.240989
5.194055
5.147942
5.102592
5.057947
5.013940
4.970509
4.927583
4.885090
4.842955
4.801094
4.759424
4.717853
4.676287
4.634625
4.592761
4.550565
4.506810
4.447782
4.346058
3.708612
2.555151
2.000000
1.000000
1.000000
1.000000
5.612909
5.672162
5.731283
5.790479
5.849936
5.909830
5.970323
6.031567
6.093703
6.156864
6.221179
6.286767
6.353863
6.423310
6.496610
6.574799
6.661283
6.767373
6.901517
7.054402
7.218055
7.410199
7.650585
7.917511
8.172007
8.414758
8.672239
8.965837
9.294842
9.659966
10.085748
10.593947
11.198248
11.908820
12.737226
13.694226
14.777660
15.966862
17.233047
18.548428
19.887573
21.231941
22.556885
23.810307
24.939409
25.922415
26.757412
27.469061
28.074718
28.560171
28.930334
29.200933
29.398863
29.545832
29.653374
29.728807
29.778868
29.809130
29.821375
29.813328
29.790623
29.757975
29.718767
29.674004
29.623489
29.567650
29.507111
29.441950
29.371922
29.296812
29.216406
29.130663
29.039516
28.943159
28.841442
28.734894
28.623121
28.507097
28.385733
28.260880
28.129881
27.996223
27.854549
27.711075
27.555960
27.400219
27.226995
27.054743
26.856722
26.662359
26.431124
26.208040
25.934885
25.676140
25.353041
25.053288
24.673841
24.330196
23.891968
23.503763
23.009293
22.579081
22.043884
21.422197
20.739540
20.023878
19.301554
18.594366
17.917913
17.281412
16.688454
16.138393
15.627926
15.152473
14.707247
14.287905
13.890850
13.513304
13.153185
12.808980
12.479564
12.164060
11.861757
11.572028
11.294303
11.028044
10.772725
10.527849
10.292928
10.067494
9.851099
9.643305
9.443699
9.251883
9.067474
8.890109
8.719435
8.555091
8.396748
8.243956
8.096355
7.952984
7.813210
7.673289
7.531123
7.366885
7.171669
6.841034
6.364801
6.068030
5.979015
5.907111
5.836947
5.768046
5.700706
5.635167
5.571361
5.509220
5.448682
5.389691
5.332190
5.276124
5.221447
5.168110
5.116074
5.065294
5.015736
4.967366
4.920156
4.874076
4.829103
4.785217
4.742400
4.700639
4.659921
4.620240
4.581590
4.543970
4.507382
4.471833
4.437327
4.403878
4.371500
4.340210
4.310031
4.280986
4.253102
4.226410
4.200944
4.176741
4.153840
4.132285
4.112123
4.093405
4.076078
4.052294
3.920012
3.525001
1.000000
1.000000
1.000000
6.276586
6.325737
6.377529
6.431822
6.488499
6.547470
6.608668
6.672042
6.737566
6.805224
6.875046
6.947250
7.022318
7.101291
7.187662
7.287268
7.401702
7.531720
7.690676
7.889719
8.118561
8.355476
8.597183
8.862711
9.147552
9.444613
9.756163
10.097436
10.497219
10.970354
11.531363
12.195497
12.976608
13.886108
14.927181
16.090275
17.354576
18.691263
20.069273
21.464590
22.851852
24.185328
25.413115
26.501635
27.436249
28.233482
28.911831
29.464031
29.889128
30.199928
30.432009
30.608828
30.743975
30.845934
30.921764
30.977104
31.014811
31.036341
31.046431
31.046259
31.039553
31.028227
31.012806
30.993670
30.971424
30.946499
30.919073
30.889364
30.857775
30.825001
30.792055
30.760391
30.731852
30.708908
30.694592
30.692604
30.707621
30.744164
30.809902
30.906694
31.032658
31.197498
31.395103
31.636789
31.910028
32.227413
32.568386
32.946499
33.332386
33.740322
34.132763
34.524605
34.872116
35.191349
35.435074
35.621887
35.703835
35.681778
35.492767
35.224190
34.687248
34.233875
33.201336
31.685717
29.819948
27.751518
25.622244
23.552855
21.632868
19.917351
18.429255
17.165596
16.105846
15.219905
14.474950
13.840118
13.289108
12.801208
12.361006
11.957601
11.583542
11.233793
10.904969
10.594693
10.301224
10.023204
9.759488
9.509094
9.271127
9.044776
8.829301
8.624007
8.428262
8.241469
8.063081
7.892594
7.729529
7.573454
7.423955
7.280655
7.143201
7.011254
6.884501
6.762588
6.645154
6.531290
6.419867
6.301508
6.165169
5.844601
5.327042
5.015278
4.942188
4.887666
4.834324
4.782317
4.731601
4.682136
4.633880
4.586789
4.540824
4.495942
4.452101
4.409258
4.367374
4.326406
4.286310
4.247047
4.208573
4.170848
4.133829
4.097474
4.061742
4.026589
3.991977
3.957861
3.924199
3.890951
3.858074
3.825528
3.793268
3.761254
3.729445
3.697796
3.666269
3.634819
3.603406
3.571987
3.540521
3.508967
3.477280
3.445421
3.413347
3.381017
3.348389
3.315420
3.282068
3.239167
2.568788
1.000000
1.000000
6.749823
6.820705
6.891769
6.963292
7.035516
7.108665
7.182935
7.258508
7.335553
7.414248
7.494852
7.577940
7.664904
7.758210
7.860899
7.977676
8.116931
8.285250
8.479802
8.695690
8.935629
9.203092
9.488623
9.777722
10.074046
10.392968
10.751744
11.165084
11.647027
12.217432
12.893971
13.690726
14.618156
15.679819
16.867975
18.162094
19.532423
20.948284
22.382824
23.803555
25.164356
26.417030
27.526993
28.483351
29.300049
29.987782
30.543308
30.969772
31.285185
31.522898
31.708939
31.855774
31.971853
32.064011
32.137077
32.193810
32.237183
32.271004
32.298080
32.321648
32.342163
32.360310
32.376705
32.392124
32.407215
32.422600
32.439259
32.459000
32.485176
32.523605
32.577049
32.652000
32.756878
32.902279
33.101261
33.369396
33.724785
34.187813
34.779907
35.526001
36.453892
37.590851
38.964958
40.599957
42.516869
44.726997
47.234421
50.027863
53.084564
56.362633
59.806602
63.342175
66.883499
70.331078
73.580612
76.524368
79.057663
81.093758
82.533157
83.375931
83.305916
82.305222
78.911415
73.576332
66.877098
59.410515
51.733292
44.320015
37.531223
31.596701
26.618607
22.591452
19.432209
17.012806
15.188734
13.820522
12.786821
11.990149
11.357224
10.835984
10.391201
9.999969
9.647808
9.325686
9.027907
8.750753
8.491649
8.248672
8.020292
7.805230
7.602371
7.410734
7.229444
7.057714
6.894829
6.740149
6.593086
6.453110
6.319738
6.192524
6.071065
5.954989
5.843956
5.737655
5.635794
5.538108
5.444352
5.354287
5.267604
5.182849
5.080252
4.594134
4.032121
3.955926
3.918854
3.882585
3.847045
3.812236
3.778156
3.744807
3.712189
3.680300
3.649143
3.618715
3.589017
3.560049
3.531812
3.504305
3.477529
3.451483
3.426166
3.401581
3.377725
3.354599
3.332205
3.310540
3.289605
3.269401
3.249927
3.231183
3.213169
3.195886
3.179333
3.163510
3.148417
3.134055
3.120423
3.107521
3.095350
3.083909
3.073197
3.063217
3.053966
3.045446
3.037656
3.030596
3.024266
3.018667
3.013798
2.891944
1.000000
7.359516
7.422287
7.488072
7.556682
7.627974
7.701845
7.778223
7.857069
7.938371
8.022179
8.108746
8.198742
8.293562
8.396303
8.512091
8.645388
8.799862
8.982165
9.196964
9.440644
9.704031
9.981018
10.272683
10.578368
10.901432
11.251936
11.645302
12.101819
12.640537
13.279121
14.033489
14.916766
15.936813
17.091497
18.365578
19.732647
21.161613
22.622730
24.084391
25.504580
26.833691
28.029600
29.071951
29.966118
30.723864
31.346264
31.834536
32.203163
32.482224
32.701050
32.878052
33.022850
33.142838
33.243378
33.327850
33.399490
33.462132
33.519024
33.573223
33.625862
33.677738
33.729713
33.782745
33.837803
33.896015
33.959133
34.030090
34.113541
34.215908
34.343594
34.506210
34.716774
34.992046
35.353199
35.826504
36.444118
37.245049
38.276371
39.595551
41.271503
43.384922
46.029358
49.310474
53.345169
58.257393
64.172737
71.208069
79.459023
88.982483
99.778107
111.768173
124.780937
138.539062
152.658295
166.657471
179.981964
192.039856
202.245972
210.073639
215.097534
217.043594
214.896469
203.902481
186.757111
166.070282
143.816589
121.452194
100.116806
80.694756
63.786236
49.681049
38.381676
29.667191
23.176088
18.487329
15.183908
12.895399
11.318817
10.222724
9.440728
8.859381
8.405001
8.031673
7.711732
7.428862
7.173460
6.939745
6.724059
6.523908
6.337448
6.163223
6.000018
5.846802
5.702676
5.566850
5.438625
5.317379
5.202557
5.093661
4.990247
4.891908
4.798280
4.709034
4.623870
4.542517
4.464722
4.390256
4.318914
4.250502
4.184841
4.121671
4.056106
3.581770
3.025158
2.968152
2.949044
2.929936
2.910827
2.891719
2.872611
2.853502
2.834394
2.815286
2.796178
2.777070
2.757961
2.738853
2.719744
2.700636
2.681528
2.662420
2.643311
2.624203
2.605094
2.585987
2.566878
2.547770
2.528662
2.509553
2.490445
2.471337
2.452229
2.433120
2.414012
2.394904
2.375795
2.356687
2.337579
2.318470
2.299362
2.280254
2.261146
2.242037
2.222929
2.203821
2.184712
2.165605
2.146496
2.127387
2.108279
1.000000
7.822520
7.904262
7.986321
8.069056
8.152773
8.237740
8.324186
8.412323
8.502342
8.594473
8.689112
8.787121
8.890276
9.001602
9.125221
9.266477
9.432042
9.626801
9.849969
10.098039
10.368858
10.660009
10.965885
11.282108
11.615108
11.978761
12.389962
12.866792
13.427330
14.090272
14.871956
15.785110
16.836468
18.022457
19.326683
20.722155
22.177532
23.661888
25.141171
26.571512
27.903769
29.098764
30.140043
31.033249
31.787918
32.405510
32.890205
33.260483
33.546192
33.774734
33.964500
34.124672
34.262211
34.382053
34.487663
34.582565
34.670567
34.754967
34.838379
34.921955
35.006649
35.093498
35.183655
35.278343
35.379192
35.488720
35.610928
35.751610
35.917999
36.118706
36.365971
36.676056
37.069824
37.573627
38.220310
39.050442
40.113953
41.472351
43.201263
45.392178
48.154194
51.615696
55.925003
61.250107
67.776741
75.706154
85.253654
96.652634
110.167618
126.120148
144.922668
167.102203
193.276321
224.029388
259.646606
299.707245
342.631622
385.371613
423.489929
451.803497
465.550110
444.459503
401.591858
350.737213
299.958679
252.120422
207.865417
167.582184
131.841904
101.204407
75.935051
55.901283
40.629856
29.417624
21.473583
16.024429
12.388211
10.011257
8.472219
7.470028
6.800631
6.332569
5.985027
5.710182
5.480705
5.281258
5.103221
4.941639
4.793476
4.656713
4.529894
4.411866
4.301698
4.198597
4.101884
4.010970
3.925332
3.844519
3.768121
3.695785
3.627188
3.562041
3.500089
3.441097
3.384859
3.331182
3.279891
3.230832
3.183857
3.138840
3.095657
3.054196
3.014357
2.071603
2.000000
2.000000
2.000000
2.000000
2.000000
2.000000
2.000000
2.000000
2.000000
2.000000
2.000000
2.000000
2.000000
2.000000
2.000000
2.000000
2.000000
2.000000
2.000000
2.000000
2.000000
2.000000
2.000000
2.000000
2.000000
2.000000
2.000000
2.000000
2.000000
2.000000
2.000000
2.000000
2.000000
2.000000
2.000000
2.000000
2.000000
2.000000
2.000000
2.000000
2.000000
2.000000
2.000000
2.000000
2.000000
2.000000
2.000000
1.000000
8.456651
8.532885
8.612309
8.694715
8.779957
8.867937
8.958603
9.051939
9.147989
9.246972
9.349476
9.456797
9.571594
9.698181
9.841317
10.005836
10.197508
10.419739
10.670388
10.944006
11.235960
11.543720
11.864830
12.202039
12.565536
12.970634
13.435799
13.979792
14.621055
15.376516
16.260113
17.280643
18.437878
19.719257
21.100859
22.552519
24.043253
25.540138
27.002008
28.380823
29.633966
30.738060
31.692476
32.505806
33.181660
33.723282
34.145214
34.473469
34.736153
34.956169
35.145126
35.310566
35.457977
35.591263
35.713940
35.829735
35.942112
36.053913
36.166817
36.281937
36.400368
36.523312
36.652054
36.788185
36.933990
37.092972
37.270233
37.472355
37.707249
37.985477
38.321133
38.732342
39.241901
39.878128
40.675720
41.677021
42.933540
44.507778
46.474743
48.922958
51.955322
55.688961
60.254669
65.793808
72.455048
80.390770
89.753090
100.696564
113.381844
127.983879
144.692184
163.679352
185.025696
208.568604
233.703934
259.191895
283.063385
302.762146
315.555328
319.176025
314.206818
296.602844
271.319305
240.510178
206.618271
172.056808
138.938004
108.875366
82.896828
61.452579
44.501308
31.645197
22.273420
15.694791
11.237290
8.311784
6.442155
5.268783
4.536181
4.072574
3.768257
3.556440
3.398155
3.271503
3.164498
3.070643
2.986369
2.909619
2.839107
2.773950
2.713484
2.657179
2.604597
2.555363
2.509157
2.465697
2.424739
2.386065
2.349487
2.314833
2.281951
2.250708
2.220979
2.192657
2.165641
2.139842
2.115178
2.091574
2.068963
2.047282
2.026474
2.006488
1.000000
1.000000
1.000000
1.000000
1.000000
1.000000
1.000000
1.000000
1.000000
1.000000
1.000000
1.000000
1.000000
1.000000
1.000000
1.000000
1.000000
1.000000
1.000000
1.000000
1.000000
1.000000
1.000000
1.000000
1.000000
1.000000
1.000000
1.000000
1.000000
1.000000
1.000000
1.000000
1.000000
1.000000
1.000000
1.000000
1.000000
1.000000
1.000000
1.000000
1.000000
1.000000
1.000000
1.000000
1.000000
1.000000
1.000000
1.000000
1.000000
8.251068
8.990082
9.082021
9.174888
9.269033
9.364742
9.462260
9.561803
9.663569
9.767815
9.874995
9.986070
10.102901
10.228603
10.367516
10.524869
10.706367
10.916320
11.154997
11.419525
11.706343
12.011796
12.331952
12.665027
13.016918
13.400070
13.830597
14.326531
14.906069
15.587122
16.385538
17.313604
18.377617
19.574038
20.887434
22.292469
23.759130
25.256662
26.750887
28.199673
29.556787
30.784548
31.865072
32.800072
33.597099
34.259525
34.792728
35.211830
35.542530
35.814358
36.047272
36.251881
36.435207
36.602348
36.757111
36.902966
37.043446
37.181816
37.320698
37.461792
37.606304
37.755383
37.910217
38.072128
38.242710
38.424168
38.619720
38.833851
39.072269
39.341953
39.651878
40.013664
40.441959
40.954865
41.574394
42.326950
43.243931
44.362404
45.725857
47.384605
49.395760
51.822701
54.733990
58.201084
62.295120
67.082924
72.621651
78.954147
86.103973
94.071098
102.826958
112.303696
122.376137
132.830551
143.326767
153.366638
162.291489
169.337524
173.756851
174.990845
1.000000
1.000000
1.000000
1.000000
1.000000
1.000000
1.000000
1.000000
1.000000
1.000000
1.000000
1.000000
1.000000
1.000000
1.000000
1.000000
1.000000
1.000000
1.000000
1.000000
1.000000
1.000000
1.000000
1.000000
1.000000
1.000000
1.000000
1.000000
1.000000
1.000000
1.000000
1.000000
1.000000
1.000000
1.000000
1.000000
1.000000
1.000000
1.000000
1.000000
1.000000
1.000000
1.000000
1.000000
1.000000
1.000000
1.000000
1.000000
1.000000
1.000000
1.000000
1.000000
1.000000
1.000000
1.000000
1.000000
1.000000
1.000000
1.000000
1.000000
1.000000
1.000000
1.000000
1.000000
1.000000
1.000000
1.000000
1.000000
1.000000
1.000000
1.000000
1.000000
1.000000
1.000000
1.000000
1.000000
1.000000
1.000000
1.000000
1.000000
1.000000
1.000000
1.000000
1.000000
1.000000
1.000000
1.000000
1.000000
1.000000
1.000000
1.000000
1.000000
1.000000
1.000000
1.000000
1.000000
1.000000
1.000000
1.000000
1.000000
