1.000000
1.000000
1.000000
1.000000
1.000000
1.000000
1.000000
1.000000
1.000000
1.000000
1.000000
1.000000
1.000000
1.000000
1.000000
1.000000
1.000000
1.000000
1.000000
1.000000
1.000000
1.000000
1.000000
1.000000
1.000000
1.000000
1.000000
1.000000
1.000000
1.000000
1.000000
1.000000
1.000000
1.000000
1.000000
1.000000
1.000000
1.000000
1.000000
1.000000
1.000000
1.000000
1.000000
1.000000
1.000000
1.000000
1.000000
1.000000
1.000000
1.000000
1.000000
1.000000
1.000000
1.000000
1.000000
1.000000
1.000000
1.000000
1.000000
1.000000
1.000000
1.000000
1.000000
1.000000
1.000000
1.000000
1.000000
1.000000
1.000000
1.000000
1.000000
1.000000
1.000000
1.000000
1.000000
1.000000
1.000000
1.000000
1.000000
1.000000
1.000000
1.000000
1.000000
1.000000
1.000000
1.000000
1.000000
1.000000
1.000000
1.000000
1.000000
1.000000
1.000000
1.000000
1.000000
1.000000
1.000000
1.000000
1.000000
1.000000
54.306801
53.081795
52.039398
51.137024
50.339046
49.616535
48.946861
48.313244
47.704063
47.112152
46.534016
45.968964
45.418343
44.883274
44.363770
43.859962
43.372154
42.900696
42.445770
42.007305
41.584858
41.177624
40.784393
40.403622
40.033478
39.671844
39.316402
38.964764
38.614559
38.263531
37.909588
37.550766
37.184944
36.810207
36.424835
36.027283
35.616142
35.190132
34.748268
34.289879
33.814587
33.322201
32.812721
32.286373
31.743683
31.185467
30.612755
30.026661
29.428408
28.819410
28.201323
27.575920
26.944962
26.310186
25.673393
25.036470
24.401333
23.769817
23.143641
22.524422
21.913742
21.313150
20.724081
20.147781
19.585316
19.037651
18.505680
17.990166
17.491697
17.010681
16.547401
16.102062
15.674761
15.265481
14.874063
14.500250
14.143718
13.804093
13.480941
13.173744
12.881931
12.604907
12.342055
12.092752
11.856345
11.632174
11.419574
11.217894
11.026495
10.844739
10.671968
10.507451
10.350226
10.198633
10.048904
9.891040
9.696282
9.378632
8.674387
6.758441
1.000000
1.000000
2.246964
2.524522
2.597590
2.626805
2.646630
2.664619
2.682472
2.700586
2.719059
2.737928
2.757211
2.776921
2.797076
2.817688
2.838773
2.860349
2.882432
2.905042
2.928194
2.951910
2.976211
3.001118
3.026654
3.052842
3.079707
3.107277
3.135578
3.164640
3.194493
3.225170
3.256705
3.289134
3.322495
3.356827
3.392175
3.428583
3.466097
3.504769
3.544653
3.585804
3.628284
3.672157
3.717490
3.764358
3.812837
3.863011
3.914968
3.968803
4.024616
4.082519
4.142624
4.205060
4.269961
4.337471
4.407748
4.480959
4.557287
4.636931
4.720103
4.807038
4.897985
4.993223
5.093049
5.197793
5.307811
5.423497
5.545284
5.673645
5.809103
5.952238
6.103687
6.264164
6.434453
6.615438
6.808096
7.013533
7.232981
7.467828
7.719646
7.990211
8.281546
8.595938
8.936029
9.304824
9.705785
10.142927
10.620880
11.145062
11.721778
12.358423
13.063758
13.848096
14.723771
15.705477
16.810871
18.061352
19.482809
21.106995
22.972834
25.128431
27.196815
29.136168
30.910732
32.492188
33.860935
35.006622
35.927872
36.631733
37.132427
37.449844
37.607841
37.632401
37.568981
37.452152
37.292843
37.101551
36.887516
36.659092
36.423252
36.185810
35.950935
35.721527
35.498997
35.283955
35.075981
34.873878
34.675529
34.478458
34.279690
34.076611
33.866806
33.649315
33.420998
33.179688
32.923393
32.650501
32.359489
32.048550
31.716213
31.361635
30.984421
30.584436
30.161562
29.715843
29.247686
28.758057
28.248337
27.719885
27.173935
26.611946
26.035856
25.447941
24.850327
24.244967
23.633844
23.019150
22.403240
21.788364
21.176552
20.569649
19.969446
19.377823
18.796585
18.227268
17.671074
17.129128
16.602518
16.092239
15.599073
15.123502
14.665887
14.226507
13.805561
13.403120
13.019049
12.653099
12.304943
11.974217
11.660509
11.363279
11.081930
10.815823
10.564314
10.326759
10.102468
9.890741
9.690871
9.502168
9.323971
9.155620
8.996480
8.845926
8.703363
8.568241
8.440022
8.318209
8.202326
8.091927
7.986605
7.885972
1.000000
1.000000
1.000000
2.727590
2.922756
3.608545
3.740237
4.022555
4.106322
4.238646
4.297921
4.373456
4.421494
4.475364
4.518837
4.564756
4.606932
4.650471
4.692958
4.736493
4.780119
4.824735
4.869962
4.916208
4.963331
5.011534
5.060775
5.111168
5.162718
5.215503
5.269547
5.324914
5.381642
5.439791
5.499403
5.560542
5.623256
5.687610
5.753662
5.821477
5.891122
5.962669
6.036190
6.111763
6.189469
6.269393
6.351624
6.436257
6.523390
6.613125
6.705573
6.800847
6.899068
7.000363
7.104864
7.212712
7.324056
7.439051
7.557860
7.680657
7.807625
7.938954
8.074849
8.215521
8.361198
8.512115
8.668524
8.830688
8.998884
9.173407
9.354561
9.542674
9.738084
9.941150
10.152245
10.371759
10.600107
10.837710
11.085015
11.342477
11.610567
11.889771
12.180574
12.483479
12.798963
13.127516
13.469583
13.825588
14.195898
14.580791
14.980449
15.394893
15.823952
16.267197
16.723837
17.192638
17.671764
18.158604
18.649549
19.139645
19.622259
20.107046
20.582100
21.056154
21.518705
21.977238
22.422678
22.861412
23.285725
23.700993
24.100830
24.489033
24.859802
25.217831
25.558151
25.883406
26.188856
26.476517
26.744160
26.993158
27.220451
27.426231
27.607363
27.765276
27.898563
28.007189
28.088396
28.142532
28.167057
28.164312
28.132719
28.082150
28.001337
27.893499
27.758291
27.596395
27.407833
27.190588
26.944454
26.670660
26.370411
26.044470
25.692986
25.316347
24.915581
24.492819
24.050291
23.589394
23.110838
22.616169
22.108046
21.589252
21.061655
20.526646
19.986019
19.442162
18.897549
18.354301
17.814020
17.278177
16.748417
16.226673
15.714710
15.213749
14.724665
14.248377
13.786016
13.338560
12.906632
12.490541
12.090515
11.706851
11.339772
10.989341
10.655383
10.337590
10.035670
9.749328
9.478210
9.221825
8.979575
8.750887
8.535193
8.331936
8.140499
7.960225
7.790478
7.630638
7.480124
7.338353
7.204741
7.078724
6.959767
6.847379
6.741087
6.640437
6.544999
6.454373
6.368193
6.286118
6.207828
1.000000
1.000000
1.000000
1.000000
2.000000
2.000000
2.421394
3.236516
3.704442
4.035605
4.385062
4.784018
5.019207
5.224976
5.427686
5.616274
5.750133
5.876971
5.999474
6.109034
6.201991
6.293320
6.381647
6.463891
6.541691
6.619362
6.695727
6.770152
6.843995
6.918369
6.992723
7.067136
7.142288
7.218429
7.295384
7.373343
7.452604
7.533224
7.615197
7.698678
7.783802
7.870607
7.959148
8.049536
8.141853
8.236149
8.332496
8.430984
8.531679
8.634649
8.739971
8.847723
8.957981
9.070817
9.186314
9.304551
9.425611
9.549576
9.676530
9.806561
9.939754
10.076200
10.215992
10.359216
10.505967
10.656341
10.810428
10.968325
11.130123
11.295919
11.465805
11.639872
11.818208
12.000901
12.188033
12.379683
12.575923
12.776821
12.982431
13.192804
13.407976
13.627972
13.852797
14.082445
14.316885
14.556062
14.799901
15.048289
15.301086
15.558117
15.819151
16.083931
16.352137
16.623402
16.897301
17.173338
17.450979
17.729601
18.008547
18.287096
18.564487
18.842403
19.119324
19.394531
19.668249
19.940842
20.211170
20.478909
20.744349
20.996120
21.228931
21.465944
21.700546
21.917999
22.111938
22.284166
22.450481
22.607300
22.742477
22.850340
22.927038
22.984324
23.028904
23.052126
23.043230
23.006393
22.939388
22.855257
22.754179
22.631704
22.471621
22.277760
22.064909
21.842285
21.596424
21.319160
21.013071
20.691010
20.356075
20.006195
19.636509
19.247412
18.842237
18.428955
18.010357
17.583883
17.145248
16.697994
16.249249
15.803057
15.356984
14.909190
14.461400
14.018102
13.582030
13.153719
12.732172
12.317485
11.911378
11.516551
11.134119
10.763414
10.403597
10.055445
9.720488
9.399472
9.091880
8.797020
8.514788
8.245623
7.989749
7.746882
7.516343
7.297581
7.090383
6.894660
6.710074
6.535997
6.371780
6.216983
6.071277
5.934270
5.805429
5.684191
5.570074
5.462678
5.361625
5.266493
5.176841
5.092260
5.012394
4.936926
4.865541
4.797921
4.733765
4.672805
4.614805
4.559542
4.506803
4.456387
4.408112
1.000000
1.000000
1.000000
1.000000
1.000000
1.000000
2.000000
2.000000
2.000000
2.558076
2.573248
3.213911
3.676099
3.934865
4.351302
4.546878
5.034969
5.373433
5.600095
5.895255
6.084659
6.383316
6.614927
6.789445
6.991112
7.135384
7.333432
7.500328
7.635235
7.782458
7.901052
8.047795
8.179359
8.293528
8.414878
8.521266
8.643680
8.759162
8.865282
8.976048
9.079020
9.192132
9.302455
9.407813
9.516670
9.621687
9.733727
9.845156
9.954207
10.066228
10.176658
10.292418
10.408804
10.524396
10.642720
10.760819
10.883317
11.007183
11.131272
11.258016
11.385406
11.516673
11.649783
11.783798
11.920460
12.058345
12.199804
12.343415
12.488388
12.636013
12.785234
12.937824
13.092746
13.249308
13.408489
13.569468
13.733620
13.900147
14.068419
14.239190
14.411776
14.587274
14.765024
14.944425
15.126058
15.309307
15.495063
15.682739
15.871733
16.062477
16.254387
16.448187
16.643322
16.839163
17.036022
17.233313
17.431639
17.630455
17.829102
18.027805
18.225981
18.423414
18.620825
18.817568
19.013823
19.209059
18.926826
18.828175
18.902729
18.974308
19.042452
18.768044
18.499269
18.417797
18.369081
18.316360
18.048590
17.693241
17.447575
17.282957
17.127499
16.854141
16.467270
16.115740
15.845505
15.607850
15.313118
14.925977
14.526949
14.184965
13.887766
13.574595
13.201759
12.800467
12.428883
12.100261
11.780668
11.431765
11.056990
10.693329
10.362903
10.052817
9.735787
9.403347
9.073699
8.766602
8.481622
8.202911
7.919680
7.637896
7.370706
7.122571
6.886294
6.653247
6.423288
6.203243
5.997864
5.804990
5.619231
5.438416
5.265112
5.102546
4.950716
4.806859
4.668809
4.536927
4.412818
4.296988
4.188241
4.085072
3.987029
3.894628
3.808227
3.727366
3.651169
3.579076
3.511068
3.447255
3.387443
3.331167
3.277997
3.227746
3.180365
3.135736
3.093614
3.053720
3.015871
2.979964
2.945902
2.913548
2.882736
2.853331
2.825238
2.798378
2.772667
2.748009
2.724317
2.701521
2.679563
2.658390
2.637944
1.000000
1.000000
1.000000
1.000000
1.000000
1.000000
1.000000
2.000000
2.000000
2.000000
2.000000
2.000000
2.362259
2.842300
3.000000
3.195276
3.303835
3.521954
3.901878
4.276569
4.586152
4.806262
5.058800
5.331980
5.615808
5.930737
6.202993
6.448771
6.686509
6.910247
7.141567
7.375306
7.607681
7.822499
8.016539
8.203421
8.385602
8.574832
8.765329
8.943361
9.109963
9.267465
9.424315
9.584293
9.744248
9.900177
10.048134
10.191626
10.333927
10.476657
10.620951
10.763728
10.903562
11.040547
11.175785
11.311647
11.448755
11.586761
11.723966
11.859280
11.993663
12.128324
12.264654
12.402539
12.540595
12.678055
12.814942
12.952384
13.091343
13.231868
13.373362
13.514939
13.656531
13.798669
13.941989
14.086883
14.232993
14.379747
14.526789
14.674232
14.822620
14.972328
15.123329
15.275152
15.427303
15.579728
15.732737
15.886738
16.041811
16.197598
16.353636
16.509689
16.665916
16.822641
16.980005
17.137798
17.295593
17.453062
17.610195
17.767227
17.924345
1.000000
1.000000
1.000000
1.000000
1.000000
1.000000
1.000000
1.000000
1.000000
1.000000
1.000000
1.000000
1.000000
1.000000
1.000000
1.000000
1.000000
1.000000
1.000000
1.000000
1.000000
1.000000
1.000000
1.000000
1.000000
1.000000
1.000000
1.000000
1.000000
1.000000
1.000000
1.000000
1.000000
1.000000
1.000000
1.000000
1.000000
1.000000
1.000000
1.000000
1.000000
1.000000
1.000000
1.000000
1.000000
1.000000
1.000000
1.000000
1.000000
1.000000
1.000000
1.000000
1.000000
1.000000
1.000000
1.000000
1.000000
1.000000
1.000000
1.000000
1.000000
1.000000
1.000000
1.000000
1.000000
1.000000
1.000000
1.000000
1.000000
1.000000
1.000000
1.000000
1.000000
1.000000
1.000000
1.000000
1.000000
1.000000
1.000000
1.000000
1.000000
1.000000
1.000000
1.000000
1.000000
1.000000
1.000000
1.000000
1.000000
1.000000
1.000000
1.000000
1.000000
1.000000
1.000000
1.000000
1.000000
1.000000
1.000000
1.000000
